import numpy as np

tf_1_to_0_seq_10_120_260 = np.array([[ 0.9973, -0.0049, -0.0737,  0.0992],
                                    [ 0.0041,  0.9999, -0.0114, -0.1337],
                                    [ 0.0738,  0.0111,  0.9972,  0.9645],
                                    [ 0.0000,  0.0000,  0.0000,  1.0000]])

tf_60_10 = np.array([[ 0.9998, -0.0094, -0.0196,  0.1125],
                    [ 0.0095,  0.9999,  0.0060, -0.0738],
                    [ 0.0196, -0.0062,  0.9998,  0.9866],
                    [ 0.0000,  0.0000,  0.0000,  1.0000]])

tf_120_60 = np.array([[ 0.9984,  0.0047, -0.0563,  0.1126],
                      [-0.0055,  0.9999, -0.0144, -0.2023],
                      [ 0.0562,  0.0147,  0.9983,  0.9621],
                      [ 0.0000,  0.0000,  0.0000,  1.0000]])
[[ 0.9984,  0.0047, -0.0563,  0.1126],
          [-0.0055,  0.9999, -0.0144, -0.2023],
          [ 0.0562,  0.0147,  0.9983,  0.9621],
          [ 0.0000,  0.0000,  0.0000,  1.0000]]

tf_180_120 = np.array([[ 0.9990,  0.0396, -0.0183,  0.0627],
          [-0.0391,  0.9989,  0.0260, -0.6577],
          [ 0.0193, -0.0252,  0.9995,  0.7376],
          [ 0.0000,  0.0000,  0.0000,  1.0000]])

tf_240_180 = np.array([[ 0.9879, -0.0399,  0.1497,  0.1596],
          [ 0.0385,  0.9992,  0.0128, -0.4252],
          [-0.1501, -0.0068,  0.9886,  0.9009],
          [ 0.0000,  0.0000,  0.0000,  1.0000]])

tf_120_90 = np.array([[ 0.9991,  0.0073, -0.0425,  0.1275],
                    [-0.0080,  0.9998, -0.0157, -0.3535],
                    [ 0.0424,  0.0160,  0.9990,  0.9133],
                    [ 0.0000,  0.0000,  0.0000,  1.0000]])

tf_150_120 = np.array([[ 0.9992,  0.0225, -0.0326,  0.1100],
          [-0.0223,  0.9997,  0.0061, -0.6457],
          [ 0.0328, -0.0054,  0.9994,  0.7517],
          [ 0.0000,  0.0000,  0.0000,  1.0000]])

tf_180_150 = np.array([[0.9997588992118835, 0.01616956852376461, 0.014456413686275482, 0.04836218059062958],
                        [-0.016467485576868057, 0.9996498227119446, 0.020749805495142937, -0.6975792050361633],
                        [-0.01411560457199812, -0.020982904359698296, 0.9996808767318726, 0.7045305967330933],
                        [0.0, 0.0, 0.0, 1.0]])


tf_dict_old = {"60_10": tf_60_10, "120_60": tf_120_60, "180_120": tf_180_120, "240_180": tf_240_180, "120_90": tf_120_90, "150_120": tf_150_120, "180_150": tf_180_150}


xyz = tf_120_60[:3, 3]

print("norm", np.linalg.norm(tf_180_120[:3, 3]))